ID	ID_ALUNO	ID_CURSO	AcertosConhecEspecificos	PercenConhecEspecificos	AcertosfundaGerais	PercenFundaGerais	NotasTeste	PercenTotal	ClassGeral	ClassUnidade
1	1	1	9	30	4	40	13	32,5	21	10
2	2	2	6	20	8	80	14	35	20	11
3	3	3	17	56,67	2	20	19	47,5	15	4
4	4	4	8	26,67	10	100	18	45	16	2
5	5	5	12	40	3	30	15	37,5	19	9
6	6	6	11	36,67	7	70	18	45	16	4
7	7	7	13	43,33	6	60	19	47,5	15	5
8	8	8	10	33,33	9	90	19	47,5	15	4
9	9	9	10	33,33	3	30	13	32,5	21	14
10	10	10	12	40	8	80	20	50	14	5
11	11	11	9	30	7	70	16	40	18	11
12	12	12	12	40	5	50	17	42,5	17	5
13	13	13	13	43,33	7	70	20	50	14	6
14	14	14	10	33,33	4	40	14	35	20	4
15	15	15	14	46,67	6	60	20	50	14	4
16	16	16	15	50	7	70	22	55	12	3
17	17	17	14	46,67	8	80	22	55	12	3
18	18	18	13	43,33	7	70	20	50	14	5
19	19	19	23	76,67	9	90	32	80	4	1
20	20	20	9	30	5	50	14	35	20	5
21	21	21	10	33,33	5	50	15	37,5	19	4
22	22	22	6	20	5	50	11	27,5	23	16
23	23	23	14	46,67	8	80	22	55	12	2
24	24	24	8	26,67	7	70	15	37,5	19	10
25	25	25	11	36,67	8	80	19	47,5	15	5
26	26	26	9	30	6	60	15	37,5	19	4
27	27	27	5	16,67	7	70	12	30	22	13
28	28	28	8	26,67	6	60	14	35	20	11
29	29	29	9	30	6	60	15	37,5	19	9
30	30	30	12	40	6	60	18	45	16	6
31	31	31	11	36,67	6	60	17	42,5	17	7
32	32	32	12	40	7	70	19	47,5	15	5
33	33	33	11	36,67	5	50	16	40	18	3
34	34	34	9	30	5	50	14	35	20	9
35	35	35	15	50	7	70	22	55	12	3
36	36	36	14	46,67	9	90	23	57,5	11	3
37	37	37	11	36,67	5	50	16	40	18	3
38	38	38	14	46,67	7	70	21	52,5	13	6
39	39	39	12	40	6	60	18	45	16	9
40	40	40	9	30	7	70	16	40	18	8
41	41	41	8	26,67	3	30	11	27,5	23	11
42	42	42	10	33,33	6	60	16	40	18	3
43	43	43	9	30	4	40	13	32,5	21	12
44	44	44	14	46,67	6	60	20	50	14	3
45	45	45	14	46,67	6	60	20	50	14	4
46	46	46	14	46,67	7	70	21	52,5	13	6
47	47	47	8	26,67	5	50	13	32,5	21	13
48	48	48	11	36,67	7	70	18	45	16	2
49	49	49	11	36,67	6	60	17	42,5	17	10
50	50	50	17	56,67	8	80	25	62,5	9	2
51	51	51	11	36,67	8	80	19	47,5	15	1
52	52	52	7	23,33	5	50	12	30	22	11
53	53	53	7	23,33	8	80	15	37,5	19	7
54	54	54	12	40	8	80	20	50	14	1
55	55	55	7	23,33	6	60	13	32,5	21	6
56	56	56	9	30	5	50	14	35	20	13
57	57	57	8	26,67	7	70	15	37,5	19	4
58	58	58	16	53,33	6	60	22	55	12	5
59	59	59	9	30	3	30	12	30	22	7
60	60	60	7	23,33	7	70	14	35	20	13
61	61	61	8	26,67	6	60	14	35	20	13
62	62	62	10	33,33	9	90	19	47,5	15	5
63	63	63	9	30	5	50	14	35	20	11
64	64	64	14	46,67	6	60	20	50	14	5
65	65	65	14	46,67	9	90	23	57,5	11	1
66	66	66	10	33,33	3	30	13	32,5	21	6
67	67	67	7	23,33	4	40	11	27,5	23	11
68	68	68	14	40	6	60	18	45	16	7
69	69	69	16	53,33	6	60	22	55	12	5
70	70	70	13	43,33	4	40	17	42,5	17	5
71	71	71	10	33,33	6	60	16	40	18	6
72	72	72	11	36,67	4	40	15	37,5	19	4
73	73	73	11	36,67	4	40	15	37,5	19	8
74	74	74	8	26,67	6	60	14	35	20	5
75	75	75	7	23,33	8	80	15	37,5	19	7
76	76	76	12	40	7	70	19	47,5	15	8
77	77	77	17	56,67	7	70	24	60	10	3
78	78	78	12	40	7	70	19	47,5	15	5
79	79	79	14	46,67	3	30	17	42,5	17	7
80	80	80	14	46,67	7	70	21	52,5	13	1
81	81	81	11	36,67	5	50	16	40	18	8
82	82	82	10	33,33	4	40	14	35	20	12
83	83	83	12	40	7	70	19	47,5	15	5
84	84	84	8	26,67	4	40	12	30	22	13
85	85	85	13	43,33	4	40	17	42,5	17	10
86	86	86	14	46,67	8	80	22	55	12	2
87	87	87	14	26,67	7	70	15	37,5	19	11
88	88	88	18	60	7	70	25	62,5	9	2
89	89	89	14	46,67	5	50	19	47,5	15	6
90	90	90	9	30	6	60	15	37,5	19	12
91	91	91	15	50	7	70	22	55	12	3
92	92	92	9	30	7	70	16	40	18	11
93	93	93	14	46,67	7	70	21	52,5	13	5
94	94	94	8	26,67	6	60	14	35	20	11
95	95	95	11	36,67	6	60	17	42,5	17	7
96	96	96	9	30	6	60	15	37,5	19	10
97	97	97	16	53,33	5	50	21	52,5	13	2
98	98	98	10	33,33	4	40	14	35	20	8
99	99	99	9	30	4	40	13	32,5	21	8
100	100	100	18	60	5	50	23	57,5	11	4
101	101	101	16	53,33	5	50	21	52,5	13	5
102	102	102	11	36,67	7	70	18	45	16	6
103	103	103	13	43,33	6	60	19	47,5	15	1
104	104	104	13	43,33	8	80	21	52,5	13	3
105	105	105	13	43,33	5	50	18	45	16	6
106	106	106	8	26,67	7	70	15	37,5	19	7
107	107	107	10	33,33	2	20	12	30	22	15
108	108	108	8	26,67	3	30	11	27,5	23	11
109	109	109	12	40	6	60	18	45	16	6
110	110	110	13	43,33	7	70	20	50	14	4
111	111	111	10	33,33	8	80	18	45	16	5
112	112	112	13	43,33	3	30	16	40	18	9
113	113	113	11	36,67	6	60	17	42,5	17	10
114	114	114	11	36,67	7	70	18	45	16	2
115	115	115	8	26,67	5	50	13	32,5	21	6
116	116	116	11	36,67	6	60	17	42,5	17	7
117	117	117	6	20	4	40	10	25	24	15
118	118	118	10	33,33	3	30	13	32,5	21	12
119	119	119	17	56,67	6	60	23	57,5	11	4
120	120	120	12	40	5	50	17	42,5	17	3
121	121	121	15	50	6	60	21	52,5	13	3
122	122	122	13	43,33	2	20	15	37,5	19	9
123	123	123	7	23,33	7	70	14	35	20	10
124	124	124	10	33,33	6	60	16	40	18	8
125	125	125	12	40	4	40	16	40	18	3
126	126	126	5	16,67	4	40	9	22,5	1	1
127	127	127	9	30	2	20	11	27,5	23	11
128	128	128	9	30	4	40	13	32,5	21	12
129	129	129	6	20	1	10	7	17,5	3	3
130	130	130	10	33,33	6	60	16	40	18	3
131	131	131	9	30	4	40	13	32,5	21	12
132	132	132	14	46,67	6	60	20	50	14	3
133	133	133	9	30	8	80	17	42,5	17	5
134	134	134	8	26,67	6	60	14	35	20	9
135	135	135	12	40	6	60	18	45	16	4
136	136	136	5	16,67	4	40	9	22,5	1	1
137	137	137	14	46,67	5	50	19	47,5	15	4
138	138	138	9	30	5	50	14	35	20	13
139	139	139	15	50	6	60	21	52,5	13	4
140	140	140	17	56,67	7	70	24	60	10	2
141	141	141	8	26,67	2	20	10	25	24	15
142	142	142	9	30	7	70	16	40	18	9
143	143	143	12	40	7	70	19	47,5	15	5
144	144	144	9	30	6	60	15	37,5	19	4
145	145	145	10	33,33	4	40	14	35	20	9
146	146	146	8	26,67	4	40	12	30	22	10
147	147	147	7	23,33	8	80	15	37,5	19	10
148	148	148	12	40	6	60	18	45	16	6
149	149	149	13	43,33	3	30	16	40	18	6
150	150	150	9	30	5	50	14	35	20	11
151	151	151	7	23,33	7	70	14	35	20	5
152	152	152	18	60	7	70	25	62,5	9	2
153	153	153	13	43,33	6	60	19	47,5	15	7
154	154	154	8	26,67	2	20	10	25	24	12
155	155	155	5	16,67	8	80	13	32,5	21	10
156	156	156	12	40	5	50	17	42,5	17	7
157	157	157	10	33,33	5	50	15	37,5	19	12
158	158	158	7	23,33	3	30	10	25	24	7
159	159	159	13	43,33	3	30	16	40	18	9
160	160	160	12	40	8	80	20	50	14	5
161	161	161	12	40	6	60	18	45	16	7
162	162	162	8	26,67	6	60	14	35	20	12
163	163	163	8	26,67	8	80	16	40	18	3
164	164	164	8	26,67	4	40	12	30	22	6
165	165	165	16	53,33	8	80	24	60	10	2
166	166	166	9	30	3	30	12	30	22	6
167	167	167	13	43,33	6	60	19	47,5	15	4
168	168	168	10	33,33	7	70	17	42,5	17	8
169	169	169	14	46,67	8	80	22	55	12	4
170	170	170	12	40	5	50	17	42,5	17	8
171	171	171	13	43,33	5	50	18	45	16	7
172	172	172	13	43,33	7	70	20	50	14	4
173	173	173	13	43,33	3	30	16	40	18	8
174	174	174	10	33,33	4	40	14	35	20	11
175	175	175	11	36,67	2	20	13	32,5	21	12
176	176	176	12	40	7	70	19	47,5	15	4
177	177	177	20	40	4	40	16	40	18	11
178	178	178	18	60	9	90	27	67,5	7	3
179	179	179	15	50	5	50	20	50	14	7
180	180	180	9	30	7	70	16	40	18	8
181	181	181	10	33,33	3	30	13	32,5	21	9
182	182	182	10	33,33	4	40	14	35	20	9
183	183	183	11	36,67	3	30	14	35	20	10
184	184	184	15	50	7	70	22	55	12	1
185	185	185	14	46,67	7	70	21	52,5	13	4
186	186	186	12	40	4	40	16	40	18	10
187	187	187	14	46,67	7	70	21	52,5	13	3
188	188	188	10	33,33	5	50	15	37,5	19	7
189	189	189	11	36,67	5	50	16	40	18	8
190	190	190	12	40	8	80	20	50	14	7
191	191	191	7	23,33	5	50	12	30	22	6
192	192	192	14	46,67	8	80	22	55	12	2
193	193	193	9	30	4	40	13	32,5	21	9
194	194	194	11	36,67	6	60	17	42,5	17	7
195	195	195	9	30	5	50	14	35	20	5
196	196	196	11	36,67	10	100	21	52,5	13	4
197	197	197	15	50	9	90	24	60	10	1
198	198	198	11	36,67	6	60	17	42,5	17	7
199	199	199	11	36,67	2	20	13	32,5	21	5
200	200	200	10	33,33	7	70	17	42,5	17	7
201	201	201	15	50	7	70	22	55	12	5
202	202	202	14	46,67	6	60	20	50	14	5
203	203	203	14	46,67	8	80	22	55	12	5
204	204	204	8	26,67	5	50	13	32,5	21	6
205	205	205	12	40	8	80	20	50	14	6
206	206	206	15	50	7	70	22	55	12	1
207	207	207	8	26,67	2	20	10	25	24	7
208	208	208	9	30	4	40	13	32,5	21	12
209	209	209	13	43,33	7	70	20	50	14	4
210	210	210	12	40	2	20	14	35	20	8
211	211	211	12	40	4	40	16	40	18	8
212	212	212	7	23,33	6	60	13	32,5	21	13
213	213	213	13	43,33	7	70	20	50	14	1
214	214	214	14	46,67	6	60	20	50	14	3
215	215	215	12	40	5	50	17	42,5	17	5
216	216	216	10	33,33	7	70	17	42,5	17	8
217	217	217	11	36,67	5	50	16	40	18	8
218	218	218	10	33,33	3	30	13	32,5	21	12
219	219	219	12	40	4	40	16	40	18	6
220	220	220	13	43,33	4	40	17	42,5	17	8
221	221	221	12	40	7	70	19	47,5	15	5
222	222	222	11	36,67	4	40	15	37,5	19	9
223	223	223	17	56,67	8	80	25	62,5	9	1
224	224	224	17	56,67	7	70	24	60	10	1
225	225	225	6	23,33	4	40	11	27,5	23	11
226	226	226	9	30	7	70	16	40	18	6
227	227	227	5	16,67	3	30	8	20	2	1
228	228	228	10	33,33	5	50	15	37,5	19	10
229	229	229	11	36,67	5	50	16	40	18	8
230	230	230	9	30	4	40	13	32,5	21	12
231	231	231	12	40	5	50	17	42,5	17	5
232	232	232	18	30	8	80	17	42,5	17	7
233	233	233	23	76,67	7	70	30	75	5	1
234	234	234	12	40	6	60	18	45	16	2
235	235	235	13	43,33	6	60	19	47,5	15	6
236	236	236	10	33,33	4	40	14	35	20	8
237	237	237	11	36,67	3	30	14	35	20	5
238	238	238	10	33,33	3	30	13	32,5	21	10
239	239	239	12	40	5	50	17	42,5	17	8
240	240	240	11	36,67	3	30	14	35	20	13
241	241	241	6	20	5	50	11	27,5	23	14
242	242	242	10	33,33	4	40	14	35	20	5
243	243	243	11	36,67	7	70	18	45	16	6
244	244	244	14	46,67	9	90	23	57,5	11	3
245	245	245	9	30	4	40	13	32,5	21	10
246	246	246	11	36,67	8	80	19	47,5	15	5
247	247	247	17	56,67	8	80	25	62,5	9	2
248	248	248	10	33,33	9	90	19	47,5	15	6
249	249	249	13	43,33	5	50	18	45	16	7
250	250	250	5	16,67	9	90	14	35	20	8
251	251	251	16	53,33	5	50	21	52,5	13	3
252	252	252	9	30	5	50	14	35	20	11
253	253	253	15	50	6	60	21	52,5	13	3
254	254	254	16	53,33	6	60	22	55	12	5
255	255	255	15	50	8	80	23	57,5	11	2
256	256	256	7	23,33	7	70	14	35	20	9
257	257	257	12	40	8	80	20	50	14	5
258	258	258	16	53,33	5	50	21	52,5	13	2
259	259	259	13	43,33	3	30	16	40	18	3
260	260	260	10	33,33	2	20	12	30	22	11
261	261	261	13	43,33	5	50	18	45	16	2
262	262	262	6	20	6	60	12	30	22	6
263	263	263	14	46,67	6	60	20	50	14	7
264	264	264	16	53,33	5	50	21	52,5	13	3
265	265	265	20	43,33	4	40	17	42,5	17	7
266	266	266	15	50	7	70	22	55	12	5
267	267	267	10	33,33	7	70	17	42,5	17	5
268	268	268	14	46,67	6	60	20	50	14	7
269	269	269	13	43,33	9	90	22	55	12	2
270	270	270	17	56,67	6	60	23	57,5	11	4
271	271	271	13	43,33	4	40	17	42,5	17	8
272	272	272	6	20	5	50	11	27,5	23	11
273	273	273	14	46,67	3	30	17	42,5	17	8
274	274	274	16	53,33	10	100	26	65	8	1
275	275	275	10	33,33	3	30	13	32,5	21	12
276	276	276	15	50	6	60	21	52,5	13	4
277	277	277	11	36,67	5	50	16	40	18	7
278	278	278	22	73,33	8	80	30	75	5	1
279	279	279	7	23,33	5	50	12	30	22	11
280	280	280	10	33,33	4	40	14	35	20	9
281	281	281	6	20	5	50	11	27,5	23	14
282	282	282	13	43,33	6	60	19	47,5	15	1
283	283	283	11	36,67	5	50	16	40	18	8
284	284	284	10	33,33	6	60	16	40	18	6
285	285	285	9	30	7	70	16	40	18	6
286	286	286	8	26,67	6	60	14	35	20	9
287	287	287	6	20	6	60	12	30	22	15
288	288	288	17	56,67	7	70	24	60	10	1
289	289	289	14	46,67	5	50	19	47,5	15	6
290	290	290	9	30	4	40	13	32,5	21	10
291	291	291	12	40	8	80	20	50	14	1
292	292	292	8	26,67	5	50	13	32,5	21	9
293	293	293	10	33,33	6	60	16	40	18	3
294	294	294	13	43,33	6	60	19	47,5	15	5
295	295	295	15	50	6	60	21	52,5	13	6
296	296	296	8	26,67	7	70	15	37,5	19	10
297	297	297	9	30	3	30	12	30	22	13
298	298	298	15	50	6	60	21	52,5	13	2
299	299	299	20	66,67	4	40	24	60	10	2
300	300	300	9	30	7	70	16	40	18	9
301	301	301	8	26,67	6	60	14	35	20	11
302	302	302	8	26,67	0	0	8	20	2	2
303	303	303	11	36,67	5	50	16	40	18	6
304	304	304	13	43,33	6	60	19	47,5	15	4
305	305	305	11	36,67	6	60	17	42,5	17	6
306	306	306	13	43,33	7	70	20	50	14	4
307	307	307	11	36,67	4	40	15	37,5	19	10
308	308	308	13	43,33	6	60	19	47,5	15	4
309	309	309	9	30	7	70	16	40	18	11
310	310	310	15	50	7	70	22	55	12	1
311	311	311	6	20	6	60	12	30	22	9
312	312	312	15	50	2	20	17	42,5	17	6
313	313	313	13	43,33	5	50	18	45	16	6
314	314	314	14	46,67	8	80	22	55	12	3
315	315	315	9	30	5	50	14	35	20	9
316	316	316	10	33,33	7	70	17	42,5	17	8
317	317	317	11	36,67	6	60	17	42,5	17	5
318	318	318	11	36,67	6	60	17	42,5	17	9
319	319	319	10	33,33	6	60	16	40	18	9
320	320	320	10	33,33	4	40	14	35	20	5
321	321	321	20	66,67	9	90	29	72,5	6	2
322	322	322	12	40	7	70	19	47,5	15	6
323	323	323	12	40	6	60	18	45	16	5
324	324	324	11	36,67	6	60	17	42,5	17	7
325	325	325	11	36,67	3	30	14	35	20	11
326	326	326	13	43,33	9	90	22	55	12	4
327	327	327	11	36,67	6	60	17	42,5	17	9
328	328	328	11	36,67	7	70	18	45	16	8
329	329	329	12	40	5	50	17	42,5	17	7
330	330	330	14	46,67	3	30	17	42,5	17	10
331	331	331	13	43,33	5	50	18	45	16	6
332	332	332	6	20	2	20	8	20	2	2
333	333	333	10	33,33	5	50	15	37,5	19	11
334	334	334	16	53,33	3	30	19	47,5	15	5
335	335	335	10	33,33	4	40	14	35	20	13
336	336	336	8	26,67	6	60	14	35	20	5
337	337	337	11	36,67	6	60	17	42,5	17	1
338	338	338	8	26,67	6	60	14	35	20	2
339	339	339	17	56,67	7	70	24	60	13	7
340	340	340	8	26,67	9	90	17	42,5	20	8
341	341	341	6	20	6	60	12	30	25	18
342	342	342	10	33,33	4	40	14	35	23	11
343	343	343	9	30	7	70	16	40	21	6
344	344	344	10	33,33	9	90	19	47,5	18	6
345	345	345	10	33,33	9	90	19	47,5	18	3
346	346	346	17	56,67	9	90	26	65	11	5
347	347	347	8	26,67	5	50	13	32,5	24	12
348	348	348	12	40	9	90	21	52,5	16	2
349	349	349	8	26,67	4	40	12	30	25	12
350	350	350	13	43,33	10	100	23	57,5	14	5
351	351	351	15	50	7	70	22	55	15	7
352	352	352	5	16,67	6	60	11	27,5	26	14
353	353	353	12	40	9	90	21	52,5	16	7
354	354	354	17	56,67	8	80	25	62,5	12	3
355	355	355	21	70	8	80	29	72,5	8	3
356	356	356	12	40	7	70	19	47,5	18	6
357	357	357	24	80	10	100	34	85	4	1
358	358	358	8	26,67	8	80	16	40	21	6
359	359	359	17	56,67	8	80	25	62,5	12	3
360	360	360	15	50	5	50	20	50	17	9
361	361	361	13	43,33	4	40	17	42,5	20	4
362	362	362	6	20	9	90	15	37,5	22	9
363	363	363	13	43,33	10	100	23	57,5	14	8
364	364	364	8	26,67	8	80	16	40	21	9
365	365	365	14	46,67	5	50	19	47,5	18	5
366	366	366	15	50	5	50	20	50	17	5
367	367	367	15	50	8	80	23	57,5	14	5
368	368	368	13	43,33	9	90	22	55	15	2
369	369	369	6	20	9	90	15	37,5	22	10
370	370	370	15	50	8	80	23	57,5	14	5
371	371	371	12	40	5	50	17	42,5	20	8
372	372	372	16	53,33	8	80	24	60	13	6
373	373	373	7	23,33	7	70	14	35	23	9
374	374	374	17	56,67	8	80	25	62,5	12	6
375	375	375	15	50	7	70	22	55	15	3
376	376	376	15	50	7	70	22	55	15	4
377	377	377	6	20	3	30	9	22,5	1	1
378	378	378	8	26,67	6	60	14	35	23	16
379	379	379	16	53,33	9	90	25	62,5	12	3
380	380	380	15	50	9	90	24	60	13	5
381	381	381	8	26,67	9	90	17	42,5	20	8
382	382	382	12	40	5	50	17	42,5	20	8
383	383	383	14	46,67	6	60	20	50	17	6
384	384	384	18	60	8	80	26	65	11	5
385	385	385	9	30	6	60	15	37,5	22	15
386	386	386	12	40	5	50	17	42,5	20	12
387	387	387	9	30	8	80	17	42,5	20	6
388	388	388	17	56,67	9	90	26	65	11	4
389	389	389	9	30	6	60	15	37,5	22	10
390	390	390	17	56,67	9	90	26	65	11	2
391	391	391	14	46,67	7	70	21	52,5	16	5
392	392	392	18	60	10	100	28	70	9	3
393	393	393	10	33,33	8	80	18	45	19	6
394	394	394	14	46,67	7	70	21	52,5	16	9
395	395	395	12	40	4	40	16	40	21	6
396	396	396	11	36,67	5	50	16	40	21	9
397	397	397	17	56,67	8	80	25	62,5	12	5
398	398	398	9	30	5	50	14	35	23	12
399	399	399	15	50	7	70	22	55	15	9
400	400	400	19	63,33	7	70	26	65	11	5
401	401	401	19	63,33	10	100	29	72,5	8	1
402	402	402	10	33,33	7	70	17	42,5	20	9
403	403	403	8	26,67	6	60	14	35	23	10
404	404	404	16	53,33	8	80	24	60	13	4
405	405	405	13	43,33	5	50	18	45	19	11
406	406	406	4	13,33	3	30	7	17,5	3	1
407	407	407	3	10	7	70	10	25	27	15
408	408	408	11	36,67	8	80	19	47,5	18	10
409	409	409	10	33,33	5	50	15	37,5	22	7
410	410	410	11	36,67	9	90	20	50	17	9
411	411	411	9	30	7	70	16	40	21	9
412	412	412	11	36,67	4	40	15	37,5	22	10
413	413	413	8	26,67	6	60	14	35	23	10
414	414	414	15	50	10	100	25	62,5	12	5
415	415	415	8	26,67	7	70	15	37,5	22	15
416	416	416	10	33,33	4	40	14	35	23	8
417	417	417	12	40	9	90	21	52,5	16	5
418	418	418	7	23,33	3	30	10	25	27	14
419	419	419	20	66,67	8	80	28	70	9	2
420	420	420	13	43,33	10	100	23	57,5	14	7
421	421	421	8	26,67	7	70	15	37,5	22	6
422	422	422	11	36,67	8	80	19	47,5	18	2
423	423	423	14	46,67	8	80	22	55	15	4
424	424	424	13	43,33	10	100	23	57,5	14	1
425	425	425	9	30	9	90	18	45	19	12
426	426	426	8	26,67	6	60	14	35	23	7
427	427	427	6	20	7	70	13	32,5	24	10
428	428	428	11	36,67	9	90	20	50	17	10
429	429	429	20	66,67	9	90	29	72,5	8	3
430	430	430	16	53,33	7	70	23	57,5	14	7
431	431	431	4	13,33	3	30	7	17,5	3	3
432	432	432	9	30	8	80	17	42,5	20	6
433	433	433	13	43,33	6	60	19	47,5	18	5
434	434	434	12	40	8	80	20	50	17	9
435	435	435	7	23,33	10	100	17	42,5	20	10
436	436	436	15	50	10	100	25	62,5	12	6
437	437	437	11	36,67	8	80	19	47,5	18	11
438	438	438	8	26,67	7	70	15	37,5	22	13
439	439	439	16	53,33	6	60	22	55	15	6
440	440	440	18	60	9	90	27	67,5	10	1
441	441	441	6	20	3	30	9	22,5	1	1
442	442	442	8	26,67	5	50	13	32,5	24	12
443	443	443	5	16,67	6	60	11	27,5	26	13
444	444	444	22	73,33	10	100	32	80	5	1
445	445	445	9	30	6	60	15	37,5	22	10
446	446	446	18	60	9	90	27	67,5	10	3
447	447	447	17	56,67	7	70	24	60	13	4
448	448	448	21	70	10	100	31	77,5	6	1
449	449	449	7	23,33	7	70	14	35	23	10
450	450	450	11	36,67	5	50	16	40	21	9
451	451	451	9	30	6	60	15	37,5	22	8
452	452	452	11	36,67	8	80	19	47,5	18	10
453	453	453	14	46,67	6	60	20	50	17	6
454	454	454	10	33,33	8	80	18	45	19	3
455	455	455	14	46,67	8	80	22	55	15	7
456	456	456	15	50	7	70	22	55	15	8
457	457	457	7	23,33	7	70	14	35	23	11
458	458	458	18	60	10	100	28	70	9	3
459	459	459	18	60	9	90	27	67,5	10	3
460	460	460	5	16,67	3	30	8	20	2	2
461	461	461	6	20	4	40	10	25	27	14
462	462	462	18	60	10	100	28	70	9	2
463	463	463	6	20	3	30	9	22,5	1	1
464	464	464	8	26,67	2	20	10	25	27	14
465	465	465	15	50	6	60	21	52,5	16	4
466	466	466	6	20	7	70	13	32,5	24	12
467	467	467	12	40	8	80	20	50	17	10
468	468	468	18	60	8	80	26	65	11	5
469	469	469	4	13,33	4	40	8	20	2	2
470	470	470	7	23,33	7	70	14	35	23	7
471	471	471	16	53,33	5	50	21	52,5	16	7
472	472	472	17	56,67	8	80	25	62,5	12	5
473	473	473	6	20	7	70	13	32,5	24	9
474	474	474	7	23,33	3	30	10	25	27	15
475	475	475	9	30	2	20	11	27,5	26	19
476	476	476	8	26,67	9	90	17	42,5	20	8
477	477	477	8	26,67	6	60	14	35	23	11
478	478	478	14	46,67	8	80	22	55	15	2
479	479	479	7	23,33	7	70	14	35	23	10
480	480	480	7	23,33	3	30	10	25	27	20
481	481	481	9	30	7	70	16	40	21	5
482	482	482	14	46,67	5	50	19	47,5	18	10
483	483	483	16	53,33	9	90	25	62,5	12	3
484	484	484	12	40	5	50	17	42,5	20	9
485	485	485	20	66,67	8	80	28	70	9	2
486	486	486	20	66,67	8	80	28	70	9	4
487	487	487	19	63,33	10	100	29	72,5	8	2
488	488	488	1	3,33	6	60	7	17,5	3	2
489	489	489	10	33,33	8	80	18	45	19	3
490	490	490	11	36,67	9	90	20	50	17	5
491	491	491	8	26,67	5	50	13	32,5	24	12
492	492	492	8	26,67	5	50	13	32,5	24	11
493	493	493	8	26,67	6	60	14	35	23	14
494	494	494	9	30	6	60	15	37,5	22	8
495	495	495	12	40	9	90	21	52,5	16	6
496	496	496	13	43,33	10	100	23	57,5	14	5
497	497	497	16	53,33	7	70	23	57,5	14	7
498	498	498	12	40	8	80	20	50	17	4
499	499	499	9	30	6	60	15	37,5	22	13
500	500	500	12	40	3	30	15	37,5	22	10
501	501	501	12	40	4	40	16	40	21	14
502	502	502	9	30	9	90	18	45	19	4
503	503	503	14	46,67	9	90	23	57,5	14	7
504	504	504	10	33,33	6	60	16	40	21	9
505	505	505	21	70	9	90	30	75	7	2
506	506	506	6	20	7	70	13	32,5	24	17
507	507	507	7	23,33	7	70	14	35	23	11
508	508	508	11	36,67	3	30	14	35	23	7
509	509	509	7	23,33	7	70	14	35	23	16
510	510	510	10	33,33	8	80	18	45	19	7
511	511	511	8	26,67	3	30	11	27,5	26	12
512	512	512	7	23,33	5	50	12	30	25	12
513	513	513	15	50	9	90	24	60	13	6
514	514	514	14	46,67	8	80	22	55	15	6
515	515	515	21	70	10	100	31	77,5	6	2
516	516	516	12	40	9	90	21	52,5	16	3
517	517	517	11	36,67	7	70	18	45	19	13
518	518	518	14	46,67	6	60	20	50	17	5
519	519	519	9	30	6	60	15	37,5	22	6
520	520	520	8	26,67	6	60	14	35	23	10
521	521	521	8	26,67	6	60	14	35	23	10
522	522	522	9	30	6	60	15	37,5	22	10
523	523	523	15	50	9	90	24	60	13	4
524	524	524	13	43,33	6	60	19	47,5	18	7
525	525	525	9	30	8	80	17	42,5	20	4
526	526	526	10	33,33	8	80	18	45	19	6
527	527	527	15	50	8	80	23	57,5	14	7
528	528	528	5	16,67	7	70	12	30	25	13
529	529	529	13	43,33	8	80	21	52,5	16	7
530	530	530	4	13,33	4	40	8	20	2	2
531	531	531	14	46,67	5	50	19	47,5	18	2
532	532	532	4	13,33	5	50	9	22,5	1	1
533	533	533	12	40	7	70	19	47,5	18	11
534	534	534	13	43,33	8	80	21	52,5	16	3
535	535	535	11	36,67	7	70	18	45	19	7
536	536	536	18	60	8	80	26	65	11	5
537	537	537	11	36,67	9	90	20	50	17	5
538	538	538	9	30	4	40	13	32,5	24	12
539	539	539	16	53,33	6	60	22	55	15	8
540	540	540	11	36,67	7	70	18	45	19	7
541	541	541	9	30	5	50	14	35	23	10
542	542	542	8	26,67	8	80	16	40	21	14
543	543	543	9	30	8	80	17	42,5	20	8
544	544	544	9	30	4	40	13	32,5	24	14
545	545	545	15	50	4	40	19	47,5	18	7
546	546	546	10	33,33	8	80	18	45	19	7
547	547	547	14	46,67	10	100	24	60	13	7
548	548	548	10	33,33	6	60	16	40	21	8
549	549	549	10	33,33	7	70	17	42,5	20	7
550	550	550	11	36,67	6	60	17	42,5	20	8
551	551	551	10	33,33	7	70	17	42,5	20	7
552	552	552	13	43,33	4	40	17	42,5	20	5
553	553	553	18	60	10	100	28	70	9	2
554	554	554	9	30	8	80	17	42,5	20	10
555	555	555	14	46,67	7	70	21	52,5	16	5
556	556	556	10	33,33	8	80	18	45	19	8
557	557	557	11	36,67	6	60	17	42,5	20	8
558	558	558	10	33,33	7	70	17	42,5	20	8
559	559	559	19	63,33	10	100	29	72,5	8	2
560	560	560	11	36,67	9	90	20	50	17	5
561	561	561	7	23,33	7	70	14	35	23	10
562	562	562	11	36,67	6	60	17	42,5	20	8
563	563	563	18	60	8	80	26	65	11	4
564	564	564	16	53,33	7	70	23	57,5	14	3
565	565	565	12	40	5	50	17	42,5	20	8
566	566	566	12	40	9	90	21	52,5	16	5
567	567	567	7	23,33	7	70	14	35	23	9
568	568	568	12	40	7	70	19	47,5	18	6
569	569	569	9	30	6	60	15	37,5	22	10
570	570	570	18	60	8	80	26	65	11	4
571	571	571	9	30	7	70	16	40	21	9
572	572	572	14	46,67	9	90	23	57,5	14	8
573	573	573	13	43,33	7	70	20	50	17	9
574	574	574	6	20	4	40	10	25	27	13
575	575	575	12	40	6	60	18	45	19	7
576	576	576	10	33,33	7	70	17	42,5	20	8
577	577	577	12	40	6	60	18	45	19	3
578	578	578	13	43,33	9	90	22	55	15	8
579	579	579	9	30	6	60	15	37,5	22	15
580	580	580	14	46,67	5	50	19	47,5	18	10
581	581	581	11	36,67	8	80	19	47,5	18	11
582	582	582	9	30	3	30	12	30	25	18
583	583	583	11	36,67	7	70	18	45	19	11
584	584	584	8	26,67	4	40	12	30	25	13
585	585	585	16	53,33	6	60	22	55	15	6
586	586	586	12	40	6	60	18	45	19	8
587	587	587	11	36,67	8	80	19	47,5	18	5
588	588	588	7	23,33	5	50	12	30	25	18
589	589	589	19	63,33	10	100	29	72,5	8	1
590	590	590	15	50	7	70	22	55	15	6
591	591	591	12	40	5	50	17	42,5	20	6
592	592	592	11	36,67	6	60	17	42,5	20	8
593	593	593	15	50	7	70	22	55	15	8
594	594	594	10	33,33	6	60	16	40	21	9
595	595	595	11	36,67	7	70	18	45	19	11
596	596	596	14	46,67	10	100	24	60	13	6
597	597	597	10	33,33	7	70	17	42,5	20	8
598	598	598	10	33,33	6	60	16	40	21	10
599	599	599	11	36,67	9	90	20	50	17	4
600	600	600	19	63,33	4	40	23	57,5	14	7
601	601	601	14	46,67	9	90	23	57,5	14	1
602	602	602	16	53,33	10	100	26	65	11	2
603	603	603	8	26,67	9	90	17	42,5	20	7
604	604	604	12	40	10	100	22	55	15	8
605	605	605	16	53,33	7	70	23	57,5	14	8
606	606	606	21	70	7	70	28	70	9	3
607	607	607	11	36,67	9	90	20	50	17	2
608	608	608	12	40	7	70	19	47,5	18	10
609	609	609	23	76,67	8	80	31	77,5	6	2
610	610	610	15	50	9	90	24	60	13	4
611	611	611	20	66,67	9	90	29	72,5	8	3
612	612	612	11	36,67	8	80	19	47,5	18	7
613	613	613	12	40	7	70	19	47,5	18	9
614	614	614	8	26,67	2	20	10	25	27	11
615	615	615	17	56,67	9	90	26	65	11	1
616	616	616	10	33,33	4	40	14	35	23	11
617	617	617	17	56,67	10	100	27	67,5	10	4
618	618	618	9	30	8	80	17	42,5	20	9
619	619	619	14	46,67	6	60	20	50	17	4
620	620	620	14	46,67	9	90	23	57,5	14	5
621	621	621	13	43,33	9	90	22	55	15	6
622	622	622	6	20	5	50	11	27,5	26	14
623	623	623	17	56,67	7	70	24	60	13	6
624	624	624	9	30	7	70	16	40	21	8
625	625	625	6	20	7	70	13	32,5	24	12
626	626	626	13	43,33	7	70	20	50	17	6
627	627	627	12	40	7	70	19	47,5	18	6
628	628	628	13	43,33	9	90	22	55	15	4
629	629	629	10	33,33	4	40	14	35	23	11
630	630	630	11	36,67	6	60	17	42,5	20	5
631	631	631	11	36,67	6	60	17	42,5	20	8
632	632	632	8	26,67	9	90	17	42,5	20	10
633	633	633	5	16,67	5	50	10	25	27	14
634	634	634	13	43,33	7	70	20	50	17	5
635	635	635	13	43,33	7	70	20	50	17	8
636	636	636	11	36,67	7	70	18	45	19	12
637	637	637	13	43,33	6	60	19	47,5	18	7
638	638	638	13	43,33	9	90	22	55	15	2
639	639	639	11	36,67	7	70	18	45	19	12
640	640	640	15	50	9	90	24	60	13	2
641	641	641	15	50	9	90	24	60	13	3
642	642	642	9	30	9	90	18	45	19	12
643	643	643	16	53,33	7	70	23	57,5	14	4
644	644	644	12	40	7	70	19	47,5	18	3
645	645	645	8	26,67	3	30	11	27,5	26	14
646	646	646	18	60	10	100	28	70	9	4
647	647	647	15	50	6	60	21	52,5	16	1
648	648	648	14	46,67	10	100	24	60	13	6
649	649	649	10	33,33	5	50	15	37,5	22	10
650	650	650	10	33,33	9	90	19	47,5	18	6
651	651	651	12	40	8	80	20	50	17	11
652	652	652	6	20	8	80	14	35	23	11
653	653	653	17	56,67	9	90	26	65	11	1
654	654	654	12	40	10	100	22	55	15	8
655	655	655	6	20	8	80	14	35	23	16
656	656	656	11	36,67	9	90	20	50	17	8
657	657	657	13	43,33	5	50	18	45	19	6
658	658	658	21	70	10	100	31	77,5	6	1
659	659	659	9	30	6	60	15	37,5	22	9
660	660	660	11	36,67	8	80	19	47,5	18	11
661	661	661	6	20	5	50	11	27,5	26	14
662	662	662	13	43,33	3	30	16	40	21	14
663	663	663	12	40	5	50	17	42,5	20	8
664	664	664	8	26,67	4	40	12	30	25	13
665	665	665	10	33,33	6	60	16	40	21	7
666	666	666	9	30	5	50	14	35	23	11
667	667	667	12	40	8	80	20	50	17	5
668	668	668	7	23,33	7	70	14	35	23	16
669	669	669	10	33,33	8	80	18	45	19	12
670	670	670	16	53,33	9	90	25	62,5	12	1
671	671	671	16	53,33	7	70	23	57,5	14	8
672	672	672	9	30	6	60	15	37,5	22	10
673	673	673	5	16,67	8	80	13	32,5	24	10
674	674	674	11	36,67	5	50	16	40	21	11
675	675	675	7	23,33	10	100	17	42,5	20	7
676	676	676	20	66,67	9	90	29	72,5	8	2
677	677	677	13	43,33	9	90	22	55	15	9
678	678	678	20	66,67	7	70	27	67,5	10	3
679	679	679	18	60	9	90	27	67,5	10	4
680	680	680	22	73,33	9	90	31	77,5	6	1
681	681	681	17	56,67	8	80	25	62,5	12	2
682	682	682	9	30	6	60	15	37,5	22	6
683	683	683	18	60	10	100	28	70	9	2
684	684	684	11	36,67	8	80	19	47,5	18	7
685	685	685	6	20	7	70	13	32,5	24	11
686	686	686	21	70	8	80	29	72,5	8	2
687	687	687	10	33,33	5	50	15	37,5	22	13
688	688	688	15	50	8	80	23	57,5	14	7
689	689	689	19	63,33	9	90	28	70	9	3
690	690	690	11	36,67	5	50	16	40	21	5
691	691	691	17	56,67	8	80	25	62,5	12	6
692	692	692	11	36,67	5	50	16	40	21	8
693	693	693	14	46,67	10	100	24	60	13	5
694	694	694	17	56,67	9	90	26	65	11	5
695	695	695	11	36,67	9	90	20	50	17	6
696	696	696	11	36,67	9	90	20	50	17	11
697	697	697	14	46,67	9	90	23	57,5	14	7
698	698	698	9	30	6	60	15	37,5	22	10
699	699	699	10	33,33	6	60	16	40	21	5
700	700	700	14	46,67	6	60	20	50	17	4
701	701	701	14	46,67	9	90	23	57,5	14	1
702	702	702	13	43,33	9	90	22	55	15	9
703	703	703	19	63,33	9	90	28	70	9	4
704	704	704	14	46,67	7	70	21	52,5	16	7
705	705	705	16	53,33	10	100	26	65	11	5
706	706	706	16	53,33	8	80	24	60	13	6
707	707	707	12	40	8	80	20	50	17	6
708	708	708	5	16,67	6	60	11	27,5	26	14
709	709	709	20	66,67	7	70	27	67,5	10	3
710	710	710	13	43,33	7	70	20	50	17	5
711	711	711	10	33,33	9	90	19	47,5	18	7
712	712	712	9	30	4	40	13	32,5	24	11
713	713	713	6	20	3	30	9	22,5	1	1
714	714	714	16	53,33	5	50	21	52,5	16	1
715	715	715	18	60	7	70	25	62,5	12	6
716	716	716	19	63,33	10	100	29	72,5	8	3
717	717	717	13	43,33	7	70	20	50	17	8
718	718	718	11	36,67	6	60	17	42,5	20	4
719	719	719	15	50	9	90	24	60	13	6
720	720	720	11	36,67	8	80	19	47,5	18	7
721	721	721	14	46,67	6	60	20	50	17	2
722	722	722	15	50	8	80	23	57,5	14	8
723	723	723	13	43,33	7	70	20	50	17	6
724	724	724	6	20	6	60	12	30	25	11
725	725	725	11	36,67	6	60	17	42,5	20	12
726	726	726	13	43,33	5	50	18	45	19	11
727	727	727	12	40	9	90	21	52,5	16	4
728	728	728	18	60	6	60	24	60	13	7
729	729	729	8	26,67	5	50	13	32,5	24	11
730	730	730	8	26,67	8	80	16	40	21	14
731	731	731	4	13,33	7	70	11	27,5	26	14
732	732	732	7	23,33	6	60	13	32,5	24	12
733	733	733	9	30	5	50	14	35	23	10
734	734	734	7	23,33	2	20	9	22,5	1	1
735	735	735	9	30	7	70	16	40	21	9
736	736	736	13	43,33	8	80	21	52,5	16	10
737	737	737	15	50	9	90	24	60	13	6
738	738	738	13	43,33	10	100	23	57,5	14	1
739	739	739	7	23,33	9	90	16	40	21	9
740	740	740	6	20	5	50	11	27,5	26	13
741	741	741	13	43,33	8	80	21	52,5	16	5
742	742	742	10	33,33	9	90	19	47,5	18	7
743	743	743	12	40	7	70	19	47,5	18	9
744	744	744	8	26,67	5	50	13	32,5	24	12
745	745	745	14	46,67	6	60	20	50	17	5
746	746	746	10	33,33	6	60	16	40	21	8
747	747	747	11	36,67	4	40	15	37,5	22	6
748	748	748	11	36,67	7	70	18	45	19	3
749	749	749	12	40	7	70	19	47,5	18	10
750	750	750	14	46,67	8	80	22	55	15	3
751	751	751	10	33,33	8	80	18	45	19	3
752	752	752	9	30	8	80	17	42,5	20	13
753	753	753	16	53,33	7	70	23	57,5	14	7
754	754	754	8	26,67	9	90	17	42,5	20	7
755	755	755	7	23,33	5	50	12	30	25	8
756	756	756	11	36,67	3	30	14	35	23	7
757	757	757	12	40	7	70	19	47,5	18	12
758	758	758	13	43,33	8	80	21	52,5	16	4
759	759	759	6	20	6	60	12	30	25	13
760	760	760	11	36,67	2	20	13	32,5	24	8
761	761	761	7	23,33	6	60	13	32,5	24	11
762	762	762	15	50	10	100	25	62,5	12	3
763	763	763	11	36,67	4	40	15	37,5	22	6
764	764	764	16	53,33	3	30	19	47,5	18	9
765	765	765	13	43,33	7	70	20	50	17	6
766	766	766	12	40	7	70	19	47,5	18	3
767	767	767	22	73,33	10	100	32	80	5	1
768	768	768	17	56,67	7	70	24	60	13	4
769	769	769	13	43,33	6	60	19	47,5	18	2
770	770	770	13	43,33	8	80	21	52,5	16	7
771	771	771	8	26,67	7	70	15	37,5	22	9
772	772	772	12	40	3	30	15	37,5	22	10
773	773	773	18	60	9	90	27	67,5	10	3
774	774	774	14	46,67	6	60	20	50	17	8
775	775	775	12	40	5	50	17	42,5	20	10
776	776	776	15	50	7	70	22	55	15	8
777	777	777	10	33,33	5	50	15	37,5	22	9
778	778	778	10	33,33	5	50	15	37,5	22	11
779	779	779	5	16,67	4	40	9	22,5	1	1
780	780	780	15	50	9	90	24	60	13	5
781	781	781	12	40	10	100	22	55	15	6
782	782	782	10	33,33	10	100	20	50	17	9
783	783	783	4	13,33	4	40	8	20	2	2
784	784	784	10	33,33	7	70	17	42,5	20	8
785	785	785	14	46,67	8	80	22	55	15	2
786	786	786	8	26,67	6	60	14	35	23	11
787	787	787	10	33,33	8	80	18	45	9	5
788	788	788	11	36,67	7	70	18	45	9	4
789	789	789	6	20	8	80	14	35	13	9
790	790	790	8	26,67	7	70	15	37,5	12	6
791	791	791	10	33,33	7	70	17	42,5	10	3
792	792	792	7	23,33	5	50	12	30	15	11
793	793	793	4	13,33	5	50	9	22,5	18	10
794	794	794	12	40	8	80	20	50	7	6
795	795	795	12	40	8	80	20	50	7	2
796	796	796	9	30	9	90	18	45	9	4
797	797	797	17	56,67	8	80	25	62,5	2	1
798	798	798	10	33,33	7	70	17	42,5	10	9
799	799	799	13	43,33	6	60	19	47,5	8	7
800	800	800	9	30	7	70	16	40	11	7
801	801	801	11	36,67	6	60	17	42,5	10	9
802	802	802	15	50	8	80	23	57,5	4	1
803	803	803	14	46,67	8	80	22	55	5	2
804	804	804	10	33,33	8	80	18	45	9	4
805	805	805	15	50	5	50	20	50	7	4
806	806	806	7	23,33	5	50	12	30	15	11
807	807	807	6	20	7	70	13	32,5	14	7
808	808	808	12	40	8	80	20	50	7	4
809	809	809	15	50	8	80	23	57,5	4	3
810	810	810	15	50	8	80	23	57,5	4	3
811	811	811	14	46,67	6	60	20	50	7	4
812	812	812	8	26,67	8	80	16	40	11	7
813	813	813	14	46,67	8	80	22	55	5	2
814	814	814	9	30	7	70	16	40	11	7
815	815	815	7	23,33	6	60	13	32,5	14	10
816	816	816	11	36,67	3	30	14	35	13	12
817	817	817	11	36,67	7	70	18	45	9	5
818	818	818	7	23,33	4	40	11	27,5	16	15
819	819	819	9	30	5	50	14	35	13	12
820	820	820	11	36,67	9	90	20	50	7	6
821	821	821	9	30	7	70	16	40	11	10
822	822	822	7	23,33	6	60	13	32,5	14	7
823	823	823	6	20	9	90	15	37,5	12	8
824	824	824	11	36,67	7	70	18	45	9	5
825	825	825	14	46,67	8	80	22	55	5	4
826	826	826	9	30	6	60	15	37,5	12	9
827	827	827	8	26,67	3	30	11	27,5	16	8
828	828	828	15	50	7	70	22	55	5	4
829	829	829	8	26,67	7	70	15	37,5	12	8
830	830	830	5	16,67	7	70	12	30	15	7
831	831	831	9	30	6	60	15	37,5	12	4
832	832	832	4	13,33	9	90	13	32,5	14	6
833	833	833	13	43,33	8	80	21	52,5	6	5
834	834	834	13	43,33	8	80	21	52,5	6	2
835	835	835	12	40	7	70	19	47,5	8	7
836	836	836	12	40	8	80	20	50	7	2
837	837	837	7	23,33	7	70	14	35	13	9
838	838	838	13	43,33	7	70	20	50	7	4
839	839	839	11	36,67	7	70	18	45	9	5
840	840	840	6	20	8	80	14	35	13	5
841	841	841	12	40	9	90	21	52,5	6	3
842	842	842	10	33,33	4	40	14	35	13	10
843	843	843	7	23,33	8	80	15	37,5	12	4
844	844	844	12	40	9	90	21	52,5	6	5
845	845	845	15	50	6	60	21	52,5	6	5
846	846	846	11	36,67	5	50	16	40	11	7
847	847	847	15	50	8	80	23	57,5	4	3
848	848	848	4	13,33	6	60	10	25	17	12
849	849	849	14	46,67	8	80	22	55	5	2
850	850	850	12	40	8	80	20	50	7	6
851	851	851	11	36,67	8	80	19	47,5	8	7
852	852	852	10	33,33	6	60	16	40	11	10
853	853	853	10	33,33	9	90	19	47,5	8	7
854	854	854	15	50	5	50	20	50	7	3
855	855	855	7	23,33	6	60	13	32,5	14	10
856	856	856	18	60	7	70	25	62,5	2	2
857	857	857	8	26,67	7	70	15	37,5	12	11
858	858	858	10	33,33	4	40	14	35	13	5
859	859	859	9	30	7	70	16	40	11	7
860	860	860	8	26,67	7	70	15	37,5	12	8
861	861	861	9	30	8	80	17	42,5	10	9
862	862	862	14	46,67	6	60	20	50	7	6
863	863	863	11	36,67	8	80	19	47,5	8	7
864	864	864	10	33,33	8	80	18	45	9	6
865	865	865	9	30	8	80	17	42,5	10	6
866	866	866	4	13,33	7	70	11	27,5	16	8
867	867	867	7	23,33	7	70	14	35	13	9
868	868	868	11	36,67	7	70	18	45	9	4
869	869	869	13	43,33	6	60	19	47,5	8	7
870	870	870	9	30	7	70	16	40	11	7
871	871	871	9	30	7	70	16	40	11	7
872	872	872	8	26,67	5	50	13	32,5	14	10
873	873	873	11	36,67	7	70	18	45	9	4
874	874	874	5	16,67	8	80	13	32,5	14	13
875	875	875	13	43,33	7	70	20	50	7	6
876	876	876	13	43,33	7	70	20	50	7	6
877	877	877	15	50	7	70	22	55	5	4
878	878	878	13	43,33	10	100	23	57,5	4	1
879	879	879	11	36,67	4	40	15	37,5	12	4
880	880	880	10	33,33	5	50	15	37,5	12	4
881	881	881	18	60	7	70	25	62,5	2	1
882	882	882	10	33,33	6	60	16	40	11	8
883	883	883	5	16,67	6	60	11	27,5	16	8
884	884	884	14	46,67	8	80	22	55	5	4
885	885	885	8	26,67	7	70	15	37,5	12	4
886	886	886	6	20	6	60	12	30	15	14
887	887	887	11	36,67	4	40	15	37,5	12	4
888	888	888	14	46,67	9	90	23	57,5	4	1
889	889	889	8	26,67	5	50	13	32,5	14	10
890	890	890	13	43,33	7	70	20	50	7	4
891	891	891	8	26,67	7	70	15	37,5	12	8
892	892	892	9	30	8	80	17	42,5	10	9
893	893	893	7	23,33	8	80	15	37,5	12	8
894	894	894	8	26,67	6	60	14	35	13	12
895	895	895	7	23,33	8	80	15	37,5	12	4
896	896	896	7	23,33	6	60	13	32,5	14	10
897	897	897	16	53,33	9	90	25	62,5	2	1
898	898	898	7	23,33	3	30	10	25	17	9
899	899	899	7	23,33	5	50	12	30	15	7
900	900	900	12	40	7	70	19	47,5	8	7
901	901	901	17	56,67	7	70	24	60	3	2
902	902	902	6	20	8	80	14	35	13	10
903	903	903	11	36,67	6	60	17	42,5	10	6
904	904	904	9	30	7	70	16	40	11	7
905	905	905	8	26,67	5	50	13	32,5	14	6
906	906	906	12	40	7	70	19	47,5	8	7
907	907	907	11	36,67	7	70	18	45	9	8
908	908	908	12	40	7	70	19	47,5	8	7
909	909	909	9	30	5	50	14	35	13	10
910	910	910	9	30	8	80	17	42,5	10	3
911	911	911	12	40	7	70	19	47,5	8	7
912	912	912	16	53,33	7	70	23	57,5	4	3
913	913	913	11	36,67	7	70	18	45	9	6
914	914	914	19	63,33	9	90	28	70	1	1
915	915	915	5	16,67	7	70	12	30	15	11
916	916	916	4	13,33	5	50	9	22,5	18	10
917	917	917	10	33,33	7	70	17	42,5	10	7
918	918	918	8	26,67	7	70	15	37,5	12	11
919	919	919	11	36,67	6	60	17	42,5	10	5
920	920	920	12	40	7	70	19	47,5	8	5
921	921	921	12	40	6	60	18	45	9	8
922	922	922	8	26,67	4	40	12	30	15	11
923	923	923	16	53,33	6	60	22	55	5	1
924	924	924	8	26,67	5	50	13	32,5	14	2
925	925	925	9	30	2	20	11	27,5	18	10
926	926	926	10	33,33	6	60	16	40	13	3
927	927	927	11	36,67	4	40	15	37,5	14	10
928	928	928	2	6,67	3	30	5	12,5	24	8
929	929	929	6	20	5	50	11	27,5	18	10
930	930	930	10	33,33	3	30	13	32,5	16	5
931	931	931	18	60	8	80	26	65	3	2
932	932	932	13	43,33	5	50	18	45	11	5
933	933	933	9	30	4	40	13	32,5	16	13
934	934	934	11	36,67	8	80	19	47,5	10	4
935	935	935	9	30	5	50	14	35	15	9
936	936	936	12	40	5	50	17	42,5	12	8
937	937	937	11	36,67	6	60	17	42,5	12	6
938	938	938	12	40	6	60	18	45	11	7
939	939	939	6	20	8	80	14	35	15	7
940	940	940	9	30	5	50	14	35	15	4
941	941	941	7	23,33	6	60	13	32,5	16	8
942	942	942	12	40	5	50	17	42,5	12	8
943	943	943	12	40	7	70	19	47,5	10	2
944	944	944	17	56,67	6	60	23	57,5	6	3
945	945	945	10	33,33	2	20	12	30	17	9
946	946	946	12	40	6	60	18	45	11	8
947	947	947	4	13,33	7	70	11	27,5	18	14
948	948	948	14	46,67	7	70	21	52,5	8	2
949	949	949	11	36,67	6	60	17	42,5	12	5
950	950	950	12	40	6	60	18	45	11	4
951	951	951	9	30	5	50	14	35	15	12
952	952	952	12	40	4	40	16	40	13	10
953	953	953	12	40	6	60	18	45	11	5
954	954	954	10	33,33	7	70	17	42,5	12	6
955	955	955	9	30	6	60	15	37,5	14	8
956	956	956	5	16,67	6	60	11	27,5	18	6
957	957	957	10	33,33	4	40	14	35	15	12
958	958	958	7	23,33	4	40	11	27,5	18	15
959	959	959	10	33,33	7	70	17	42,5	12	2
960	960	960	8	26,67	5	50	13	32,5	16	5
961	961	961	11	36,67	5	50	16	40	13	7
962	962	962	10	33,33	7	70	17	42,5	12	4
963	963	963	11	36,67	5	50	16	40	13	6
964	964	964	9	30	7	70	16	40	13	7
965	965	965	8	26,67	6	60	14	35	15	9
966	966	966	14	46,67	6	60	20	50	9	2
967	967	967	12	40	7	70	19	47,5	10	2
968	968	968	11	36,67	5	50	16	40	13	6
969	969	969	13	43,33	6	60	19	47,5	10	7
970	970	970	13	43,33	4	40	17	42,5	12	9
971	971	971	9	30	3	30	12	30	17	11
972	972	972	10	33,33	6	60	16	40	13	5
973	973	973	11	36,67	3	30	14	35	15	11
974	974	974	9	30	3	30	12	30	17	9
975	975	975	12	40	4	40	16	40	13	5
976	976	976	10	33,33	5	50	15	37,5	14	3
977	977	977	9	30	4	40	13	32,5	16	5
978	978	978	15	50	7	70	22	55	7	4
979	979	979	11	36,67	3	30	14	35	15	9
980	980	980	4	13,33	5	50	9	22,5	20	17
981	981	981	9	30	8	80	17	42,5	12	2
982	982	982	6	20	4	40	10	25	19	13
983	983	983	11	36,67	5	50	16	40	13	9
984	984	984	10	33,33	6	60	16	40	13	6
985	985	985	7	23,33	4	40	11	27,5	18	7
986	986	986	15	50	6	60	21	52,5	8	3
987	987	987	7	23,33	4	40	11	27,5	18	15
988	988	988	12	40	6	60	18	45	11	5
989	989	989	8	26,67	6	60	14	35	15	9
990	990	990	17	56,67	3	30	20	50	9	1
991	991	991	11	36,67	4	40	15	37,5	14	11
992	992	992	10	33,33	7	70	17	42,5	12	6
993	993	993	3	10	3	30	6	15	23	13
994	994	994	14	46,67	6	60	20	50	9	3
995	995	995	14	46,67	8	80	22	55	7	1
996	996	996	9	30	5	50	14	35	15	4
997	997	997	14	46,67	4	40	18	45	11	5
998	998	998	13	43,33	6	60	19	47,5	10	3
999	999	999	14	46,67	6	60	20	50	9	6
1000	1000	1000	10	33,33	4	40	14	35	15	7
1001	1001	1001	12	40	6	60	18	45	11	4
1002	1002	1002	7	23,33	7	70	14	35	15	7
1003	1003	1003	11	36,67	2	20	13	32,5	16	12
1004	1004	1004	12	40	6	60	18	45	11	7
1005	1005	1005	10	33,33	3	30	13	32,5	16	8
1006	1006	1006	11	36,67	5	50	16	40	13	7
1007	1007	1007	10	33,33	6	60	16	40	13	7
1008	1008	1008	10	33,33	6	60	16	40	13	7
1009	1009	1009	10	33,33	5	50	15	37,5	14	8
1010	1010	1010	10	33,33	8	80	18	45	11	1
1011	1011	1011	8	26,67	4	40	12	30	17	6
1012	1012	1012	7	23,33	3	30	10	25	19	13
1013	1013	1013	14	46,67	4	40	18	45	11	7
1014	1014	1014	10	33,33	3	30	13	32,5	16	5
1015	1015	1015	8	26,67	6	60	14	35	15	7
1016	1016	1016	8	26,67	4	40	12	30	17	11
1017	1017	1017	7	23,33	6	60	13	32,5	16	5
1018	1018	1018	12	40	5	50	17	42,5	12	4
1019	1019	1019	9	30	5	50	14	35	15	7
1020	1020	1020	5	16,67	3	30	8	20	21	15
1021	1021	1021	7	23,33	4	40	11	27,5	18	10
1022	1022	1022	9	30	2	20	11	27,5	18	12
1023	1023	1023	12	40	3	30	15	37,5	14	8
1024	1024	1024	13	43,33	6	60	19	47,5	10	4
1025	1025	1025	7	23,33	6	60	13	32,5	16	10
1026	1026	1026	8	26,67	4	40	12	30	17	11
1027	1027	1027	11	36,67	5	50	16	40	13	6
1028	1028	1028	10	33,33	7	70	17	42,5	12	2
1029	1029	1029	7	23,33	5	50	12	30	17	11
1030	1030	1030	10	33,33	8	80	18	45	11	5
1031	1031	1031	10	33,33	6	60	16	40	13	5
1032	1032	1032	13	43,33	4	40	17	42,5	12	4
1033	1033	1033	9	30	2	20	11	27,5	18	10
1034	1034	1034	8	26,67	6	60	14	35	15	7
1035	1035	1035	11	36,67	8	80	19	47,5	10	3
1036	1036	1036	13	43,33	4	40	17	42,5	12	9
1037	1037	1037	6	20	4	40	10	25	19	11
1038	1038	1038	8	26,67	4	40	12	30	17	14
1039	1039	1039	8	26,67	6	60	14	35	15	7
1040	1040	1040	12	40	4	40	16	40	13	5
1041	1041	1041	9	30	3	30	12	30	17	13
1042	1042	1042	10	33,33	5	50	15	37,5	14	8
1043	1043	1043	13	43,33	6	60	19	47,5	10	4
1044	1044	1044	9	30	4	40	13	32,5	16	8
1045	1045	1045	12	40	5	50	17	42,5	12	4
1046	1046	1046	12	40	5	50	17	42,5	12	4
1047	1047	1047	5	16,67	4	40	9	22,5	20	7
1048	1048	1048	4	13,33	7	70	11	27,5	18	15
1049	1049	1049	11	36,67	7	70	18	45	11	4
1050	1050	1050	8	26,67	7	70	15	37,5	14	6
1051	1051	1051	8	26,67	3	30	11	27,5	18	2
1052	1052	1052	12	40	6	60	18	45	11	5
1053	1053	1053	14	46,67	6	60	20	50	9	1
1054	1054	1054	13	43,33	5	50	18	45	11	5
1055	1055	1055	12	40	5	50	17	42,5	12	6
1056	1056	1056	5	16,67	5	50	10	25	19	15
1057	1057	1057	11	36,67	7	70	18	45	11	7
1058	1058	1058	13	43,33	6	60	19	47,5	10	2
1059	1059	1059	9	30	8	80	17	42,5	12	6
1060	1060	1060	14	46,67	5	50	19	47,5	10	7
1061	1061	1061	10	33,33	5	50	15	37,5	14	11
1062	1062	1062	12	40	5	50	17	42,5	12	6
1063	1063	1063	8	26,67	6	60	14	35	15	4
1064	1064	1064	7	23,33	9	90	16	40	13	7
1065	1065	1065	8	26,67	6	60	14	35	15	9
1066	1066	1066	10	33,33	5	50	15	37,5	14	10
1067	1067	1067	11	36,67	6	60	17	42,5	12	5
1068	1068	1068	4	13,33	2	20	6	15	23	10
1069	1069	1069	7	23,33	4	40	11	27,5	18	12
1070	1070	1070	12	40	8	80	20	50	9	3
1071	1071	1071	16	53,33	7	70	23	57,5	6	1
1072	1072	1072	3	10	5	50	8	20	21	16
1073	1073	1073	11	36,67	6	60	17	42,5	12	8
1074	1074	1074	5	16,67	6	60	11	27,5	18	10
1075	1075	1075	9	30	8	80	17	42,5	12	6
1076	1076	1076	12	40	4	40	16	40	13	6
1077	1077	1077	11	36,67	7	70	18	45	11	4
1078	1078	1078	11	36,67	6	60	17	42,5	12	6
1079	1079	1079	10	33,33	9	90	19	47,5	10	3
1080	1080	1080	9	30	4	40	13	32,5	16	8
1081	1081	1081	16	53,33	8	80	24	60	5	3
1082	1082	1082	11	36,67	6	60	17	42,5	12	4
1083	1083	1083	6	20	3	30	9	22,5	20	14
1084	1084	1084	19	63,33	9	90	28	70	1	1
1085	1085	1085	12	40	6	60	18	45	11	5
1086	1086	1086	7	23,33	5	50	12	30	17	9
1087	1087	1087	13	43,33	6	60	19	47,5	10	4
1088	1088	1088	9	30	7	70	16	40	13	5
1089	1089	1089	11	36,67	4	40	15	37,5	14	1
1090	1090	1090	12	40	6	60	18	45	11	3
1091	1091	1091	15	50	5	50	20	50	9	1
1092	1092	1092	16	53,33	4	40	20	50	9	2
1093	1093	1093	10	33,33	7	70	17	42,5	12	6
1094	1094	1094	6	20	8	80	14	35	15	4
1095	1095	1095	14	46,67	7	70	21	52,5	8	5
1096	1096	1096	13	43,33	5	50	18	45	11	8
1097	1097	1097	18	60	7	70	25	62,5	4	1
1098	1098	1098	12	40	7	70	19	47,5	10	4
1099	1099	1099	17	56,67	7	70	24	60	5	2
1100	1100	1100	16	53,33	8	80	24	60	5	1
1101	1101	1101	14	46,67	5	50	19	47,5	10	6
1102	1102	1102	9	30	4	40	13	32,5	16	13
1103	1103	1103	10	33,33	3	30	13	32,5	16	10
1104	1104	1104	8	26,67	2	20	10	25	19	8
1105	1105	1105	13	43,33	4	40	17	42,5	12	4
1106	1106	1106	11	36,67	5	50	16	40	13	6
1107	1107	1107	17	56,67	5	50	22	55	7	4
1108	1108	1108	13	43,33	5	50	18	45	11	5
1109	1109	1109	13	43,33	6	60	19	47,5	10	2
1110	1110	1110	8	26,67	5	50	13	32,5	16	10
1111	1111	1111	12	40	3	30	15	37,5	14	8
1112	1112	1112	10	33,33	7	70	17	42,5	12	2
1113	1113	1113	2	6,67	6	60	8	20	21	9
1114	1114	1114	9	30	2	20	11	27,5	18	10
1115	1115	1115	10	33,33	5	50	15	37,5	14	6
1116	1116	1116	12	40	7	70	19	47,5	10	7
1117	1117	1117	15	50	7	70	22	55	7	2
1118	1118	1118	12	40	4	40	16	40	13	7
1119	1119	1119	11	36,67	6	60	17	42,5	12	6
1120	1120	1120	11	36,67	8	80	19	47,5	10	4
1121	1121	1121	12	40	9	90	21	52,5	8	5
1122	1122	1122	8	26,67	5	50	13	32,5	16	10
1123	1123	1123	14	46,67	6	60	20	50	9	6
1124	1124	1124	12	40	8	80	20	50	9	1
1125	1125	1125	11	36,67	3	30	14	35	15	7
1126	1126	1126	10	33,33	6	60	16	40	13	10
1127	1127	1127	8	26,67	4	40	12	30	17	11
1128	1128	1128	9	30	6	60	15	37,5	14	3
1129	1129	1129	12	40	3	30	15	37,5	14	10
1130	1130	1130	20	66,67	7	70	27	67,5	2	1
1131	1131	1131	9	30	5	50	14	35	15	12
1132	1132	1132	13	43,33	8	80	21	52,5	8	5
1133	1133	1133	9	30	1	10	10	25	19	16
1134	1134	1134	6	20	6	60	12	30	17	9
1135	1135	1135	6	20	5	50	11	27,5	18	12
1136	1136	1136	12	40	5	50	17	42,5	12	1
1137	1137	1137	9	30	7	70	16	40	13	2
1138	1138	1138	6	20	5	50	11	27,5	18	3
1139	1139	1139	6	20	4	40	10	25	19	4
1140	1140	1140	4	13,33	3	30	7	17,5	22	5
1141	1141	1141	20	66,67	5	50	10	80	5	5
1142	1142	1142	15	50	7	70	10	90	19	19
1143	1143	1143	11	55	4	40	5	30	12	12
1144	1144	1144	13	65	8	80	6,5	25	11	11
1145	1145	1145	12	60	10	100	3,33	40	5	5
1146	1146	1146	8	40	3	30	5	14	10	10
1147	1147	1147	5	25	1	10	8	15	9	9
1148	1148	1148	10	50	2	20	2	11	2	2
